           O       0.00      0.00      0.00      5992
      B-AUTO       0.93      0.91      0.92       308
      I-AUTO       0.94      0.95      0.95       776
  B-CADASTRU       1.00      0.91      0.95      7188
  I-CADASTRU       0.97      1.00      0.98     40705
      B-CASE       0.76      0.86      0.81       737
      I-CASE       0.56      0.73      0.63       480
       B-CNP       0.99      0.98      0.99      1778
       I-CNP       0.99      0.99      0.99      6095
       B-CUI       0.92      0.86      0.89        64
       I-CUI       0.93      0.94      0.93       189
      B-DATE       0.92      0.87      0.89       803
      I-DATE       0.92      0.93      0.92      2518
  B-DECISION       0.93      0.89      0.91      1451
  I-DECISION       0.90      0.74      0.81       511
 B-DOCNUMBER       0.97      0.92      0.95      4468
 I-DOCNUMBER       0.97      0.91      0.94      5805
      B-ECLI       0.92      0.95      0.93        37
      I-ECLI       0.95      1.00      0.97       305
     B-EMAIL       0.00      0.00      0.00         1
     I-EMAIL       0.78      1.00      0.88         7
      B-IBAN       0.00      0.00      0.00         0
      I-IBAN       0.00      0.00      0.00         0
        B-ID       0.93      0.98      0.96       154
        I-ID       0.99      0.99      0.99      1318
  B-INITIALS       0.83      0.83      0.83       173
  I-INITIALS       0.78      0.86      0.82       119
       B-LOC       0.93      0.88      0.91      4243
       I-LOC       0.97      0.96      0.97     49973
       B-ORG       0.91      0.82      0.86      2259
       I-ORG       0.92      0.87      0.89      6250
       B-PER       0.95      0.95      0.95     37965
       I-PER       0.97      0.96      0.97     86359
     B-PHONE       0.87      0.93      0.90       155
     I-PHONE       0.84      0.92      0.88       453

   micro avg       0.94      0.94      0.94    269639
   macro avg       0.80      0.81      0.80    269639
weighted avg       0.94      0.94      0.94    269639
