           O       0.00      0.00      0.00      4593
      B-AUTO       0.96      0.93      0.94       264
      I-AUTO       0.96      0.97      0.97       673
  B-CADASTRU       0.99      0.98      0.98      1422
  I-CADASTRU       1.00      1.00      1.00     18248
      B-CASE       0.84      0.80      0.82       609
      I-CASE       0.76      0.68      0.72       421
       B-CNP       0.99      0.98      0.98      1598
       I-CNP       0.99      0.99      0.99      5460
       B-CUI       0.94      0.79      0.86        57
       I-CUI       0.96      0.73      0.83       180
      B-DATE       0.97      0.88      0.92       934
      I-DATE       0.94      0.92      0.93      2795
  B-DECISION       0.94      0.88      0.91      1384
  I-DECISION       0.84      0.79      0.81       482
 B-DOCNUMBER       0.97      0.93      0.95      3981
 I-DOCNUMBER       0.94      0.94      0.94      5673
      B-ECLI       0.93      0.90      0.92        31
      I-ECLI       0.99      0.99      0.99       252
     B-EMAIL       1.00      0.89      0.94         9
     I-EMAIL       1.00      0.87      0.93        55
      B-IBAN       0.00      0.00      0.00         0
      I-IBAN       0.00      0.00      0.00         0
        B-ID       0.99      0.95      0.97       161
        I-ID       1.00      0.99      0.99      1575
  B-INITIALS       0.88      0.82      0.85       159
  I-INITIALS       0.86      0.76      0.81        74
       B-LOC       0.95      0.89      0.92      3882
       I-LOC       0.97      0.96      0.97     44293
       B-ORG       0.91      0.83      0.87      1951
       I-ORG       0.90      0.90      0.90      5366
       B-PER       0.96      0.94      0.95     36889
       I-PER       0.97      0.97      0.97     84843
     B-PHONE       1.00      1.00      1.00       112
     I-PHONE       0.98      1.00      0.99       288

   micro avg       0.94      0.94      0.94    228714
   macro avg       0.87      0.82      0.84    228714
weighted avg       0.95      0.94      0.94    228714
