           O       0.00      0.00      0.00      2297
      B-AUTO       0.91      0.91      0.91       108
      I-AUTO       0.94      0.99      0.97       257
  B-CADASTRU       0.99      0.99      0.99       881
  I-CADASTRU       1.00      1.00      1.00     19026
      B-CASE       0.84      0.78      0.81       340
      I-CASE       0.76      0.80      0.78       183
       B-CNP       0.85      0.80      0.82       118
       I-CNP       0.87      0.89      0.88       361
       B-CUI       0.83      0.92      0.87        26
       I-CUI       0.86      0.97      0.91        75
      B-DATE       0.94      0.88      0.91       624
      I-DATE       0.92      0.93      0.92      1838
  B-DECISION       0.89      0.86      0.88       716
  I-DECISION       0.90      0.84      0.87       358
 B-DOCNUMBER       0.98      0.95      0.96      3131
 I-DOCNUMBER       0.98      0.97      0.97      5030
      B-ECLI       0.96      0.93      0.95        28
      I-ECLI       0.99      0.99      0.99       238
     B-EMAIL       0.00      0.00      0.00         0
     I-EMAIL       0.00      0.00      0.00         0
      B-IBAN       0.00      0.00      0.00         0
      I-IBAN       0.00      0.00      0.00         0
        B-ID       0.99      0.99      0.99       146
        I-ID       1.00      1.00      1.00      1412
  B-INITIALS       0.92      0.85      0.88        91
  I-INITIALS       0.79      0.81      0.80        42
       B-LOC       0.91      0.86      0.89      1314
       I-LOC       0.96      0.94      0.95     12601
       B-ORG       0.88      0.83      0.85      1044
       I-ORG       0.90      0.89      0.90      2835
       B-PER       0.97      0.96      0.97     22529
       I-PER       0.98      0.97      0.98     44340
     B-PHONE       0.99      0.99      0.99       134
     I-PHONE       0.99      0.99      0.99       338

   micro avg       0.94      0.94      0.94    122461
   macro avg       0.79      0.78      0.79    122461
weighted avg       0.95      0.94      0.95    122461
